$coord
         19.111188848516         -5.287761136410          0.005012107852     c 
         19.541260991449         -3.027747351426          0.383340971228     o 
         20.724483267478         -7.101429811062          0.769493512628     n 
         22.264174429188         -6.608969911519          1.764160879664     h 
         20.354575641251         -8.947763958149          0.543209362965     h 
         17.009886126437         -6.072709218079         -1.204997812264     n 
         16.685588571965         -7.904947144554         -1.572128113177     h 
         15.778543577250         -4.791835967781         -1.877924460322     h 
         16.004263940971          0.353043824861         -1.051564178136     o 
         16.097849458422          2.104474003853          0.912001223182     c 
         15.127033890496          3.804533263202          0.252822530016     h 
         15.064441468063          1.403204801355          2.575397908444     h 
         18.792866551938          2.662383394366          1.838504167394     c 
         19.640177696789          0.852409481844          2.363042636791     h 
         18.676561104685          3.870848741497          3.505407172447     h 
         20.530795656450          3.889651348964         -0.014806335593     n 
         20.913347105845          2.251483652189         -2.238076993142     c 
         21.506957346013          0.377442098513         -1.627100985783     h 
         22.343275868846          3.063745055107         -3.471156956556     h 
         19.147951635148          2.049910516563         -3.273503960091     h 
         22.986368082030          4.271911440223          1.246005474234     c 
         23.745649036771          2.464162053562          1.868310142994     h 
         22.772039150360          5.500925526732          2.882025697023     h 
         24.325096904202          5.135492046465         -0.056131700746     h 
         19.538576454514          6.354321642808         -0.842199713948     c 
         19.148898896752          7.551437152836          0.785395366006     h 
         17.806783355165          6.100090895629         -1.919517037070     h 
         20.917848419639          7.294961986084         -2.044375362237     h 
         17.117869248388         -1.069031834437         -0.576634746739     h 
        -26.400697879950         -1.146220498213          0.794202047155     o 
        -27.934635645530          0.038605467287          2.619648020590     c 
        -28.789851023833         -1.374221808208          3.876688860742     h 
        -26.830330491904          1.341776242048          3.793737200272     h 
        -29.977854354513          1.639146345593          1.330105595618     c 
        -29.073281312202          3.236951994498          0.389640255706     h 
        -31.218770803757          2.357975237447          2.812960304266     h 
        -31.551903756031          0.310290981702         -0.600426431967     n 
        -32.247043741638         -2.250909855612          0.243786623598     c 
        -30.572052136745         -3.440828908823          0.314807489460     h 
        -33.583689273987         -3.081555538120         -1.080727394257     h 
        -33.122823913295         -2.177815524613          2.103551262199     h 
        -30.155788946789          0.127458721110         -3.010785665469     c 
        -28.343121735617         -0.788664364187         -2.687581525140     h 
        -29.826485976363          2.004876274351         -3.782626635544     h 
        -31.242614132172         -0.966316103795         -4.371513522520     h 
        -33.874620919463          1.795544397921         -1.018352186751     c 
        -35.039752303982          1.804827769810          0.677582218858     h 
        -34.965308671616          0.976622280784         -2.558999390677     h 
        -33.402998907965          3.736994785641         -1.509414166247     h 
        -24.867758527077         -1.750545380956          1.565292622929     h 
$end
