$coord
          0.090932351438         -0.086403449755         -0.000877150365     c 
          1.748097207960         -1.696554589005         -0.005824794198     o 
         -2.407680362547         -0.757605339906         -0.009425032634     n 
         -2.922370926386         -2.585263350151          0.012115740380     h 
         -3.822437722399          0.515000577570          0.052865171848     h 
          0.684174051868          2.429344478963          0.013697425926     n 
         -0.628952197886          3.802635553691         -0.022659883525     h 
          2.492265559078          2.996368887021          0.001221519367     h 
$end
