$coord
          4.214597853685          0.998692363126         -0.094864730189     o 
          3.114411782764         -1.424976845373          0.007048071204     c 
          2.949175855960         -2.098171415941         -1.943124676204     h 
          4.459619527897         -2.707647137743          0.931517836401     h 
          0.557683622336         -1.475370713205          1.324084023769     c 
          0.752812961416         -0.741841571004          3.242894137983     h 
         -0.111549058599         -3.420947964767          1.512374795939     h 
         -1.514225220459          0.042597204956          0.000644773564     n 
         -0.851858943986          2.816273757308         -0.099707318096     c 
         -0.523776021829          3.543775836668          1.794029338691     h 
         -2.379649915012          3.888441399583         -0.960386213860     h 
          0.849437068242          3.097292190526         -1.215860677747     h 
         -3.937073366465         -0.265043074031          1.495711158125     c 
         -3.685564289148          0.419997771261          3.417238351867     h 
         -4.486251977995         -2.244261957133          1.572516604376     h 
         -5.460991193358          0.799765775465          0.619028245484     h 
         -1.945119965822         -0.923315366571         -2.654544689226     c 
         -2.312587514787         -2.945338958628         -2.631212748620     h 
         -0.302690428695         -0.561759243203         -3.833783199210     h 
         -3.560090016312          0.024044096683         -3.502557005552     h 
          4.441557799961          1.664836307596          1.629187658419     h 
$end
