           1           2   1.4581849903702790     
           1           3   1.2369518778326281     
           2           3  0.12873788362454952     
           3           4  0.93846501592050680     
           3           5  0.94024270608316518     
           1           6   1.2528800712219874     
           2           6  0.13690369657491325     
           6           7  0.94014612457867142     
           6           8  0.93083928346469147     
           9          10   1.0225333432493318     
          10          11  0.96389767206592425     
          10          12  0.96444235800959244     
          10          13  0.98765281919578429     
          13          14  0.96672773882202190     
          13          15  0.96784733279530555     
          13          16  0.93450788687774122     
          16          17  0.95286549787831487     
          17          18  0.97608566081738779     
          17          19  0.97529645503404672     
          17          20  0.96047620443198300     
          16          21  0.95629862652112008     
          21          22  0.97518103932886524     
          21          23  0.97465248373376046     
          21          24  0.97282052796679919     
          16          25  0.95668565791648241     
          25          26  0.97530524138225505     
          25          27  0.97143019149543663     
          25          28  0.97305711813838358     
           9          29  0.83200774617400719     
          30          31   1.0220191052424643     
          31          32  0.96480726437426967     
          31          33  0.96212503085960088     
          31          34  0.98709878949245922     
          34          35  0.96688602420432490     
          34          36  0.96853618082801229     
          34          37  0.93319058196116522     
          37          38  0.95330433629831024     
          38          39  0.97621044342854080     
          38          40  0.97538045971973375     
          38          41  0.96004550099214780     
          37          42  0.95724934152278995     
          42          43  0.97539137640047757     
          42          44  0.97494648326334221     
          42          45  0.97301468763316490     
          37          46  0.95670337472753564     
          46          47  0.97561692780004561     
          46          48  0.97099441126641017     
          46          49  0.97338770080062220     
          30          50  0.80975947818913552     
