$coord
        -20.835027097725          5.247004765851         -0.381187826741     c 
        -21.478644078924          3.008657628448         -0.490587803603     o 
        -22.239809846893          7.094611160540         -1.427168185194     n 
        -23.865667898314          6.643947807205         -2.295711811766     h 
        -21.750626269730          8.923838551755         -1.323635061529     h 
        -18.696451451825          5.973710223489          0.799240692807     n 
        -18.145836766493          7.787702001783          0.855198630039     h 
        -17.547082169026          4.663228448063          1.559706077884     h 
        -18.566712100592         -0.417167610906          1.930054445272     o 
        -20.385682259098         -1.827486302983          3.211026134796     c 
        -19.475643377986         -3.581495476960          3.814092154300     h 
        -21.014478456047         -0.833097479661          4.926634878642     h 
        -22.791581769217         -2.306530172706          1.656334977433     c 
        -23.499719456766         -0.461450770768          1.053956858804     h 
        -24.190188614303         -3.211979820335          2.871373239092     h 
        -22.496175998379         -3.881062326639         -0.666029087682     n 
        -21.588718970464         -6.434759610797         -0.036492065249     c 
        -19.692819221295         -6.342989397163          0.751540481350     h 
        -21.530834557970         -7.595275220443         -1.734172566864     h 
        -22.843027900708         -7.321281093409          1.332838235717     h 
        -20.724528168123         -2.680768918339         -2.453742239982     c 
        -18.830915223379         -2.645625816574         -1.652256263053     h 
        -21.301589117983         -0.735744327714         -2.802157054330     h 
        -20.700929795434         -3.723773997961         -4.224976458550     h 
        -24.995059517108         -4.075357881592         -1.883871124772     c 
        -25.678470857194         -2.200615300627         -2.384287672906     h 
        -26.350038916827         -4.959618570344         -0.612599207494     h 
        -24.862271759372         -5.207398261218         -3.596273808327     h 
        -19.447468599085          1.010260605681          1.110782818408     h 
         31.244993740283          3.181736164551          0.822291252840     o 
         33.547124791417          3.369321180581         -0.503107130681     c 
         33.200043438941          3.452378718428         -2.548205069696     h 
         34.581710736966          5.083322373112          0.030377266967     h 
         35.277046662209          1.138474249819          0.155136610557     c 
         35.876688774948          1.320886273722          2.120486808900     h 
         36.938839438036          1.271294644256         -1.060372398466     h 
         34.145032212835         -1.430635482522         -0.140717785001     n 
         32.629126769355         -1.609061444742         -2.470127436315     c 
         33.742595361335         -1.017646986002         -4.095653951192     h 
         30.958453911266         -0.422051862546         -2.307784071258     h 
         32.024676514822         -3.553760654606         -2.758918253592     h 
         32.520154693344         -2.018270857293          2.051450924592     c 
         31.102059713224         -0.545646748691          2.270256548439     h 
         33.651249092034         -2.115188688758          3.766049447968     h 
         31.588679832728         -3.829344453123          1.769667011202     h 
         36.212560948481         -3.298153637214         -0.251575053698     c 
         37.335602133773         -3.031132291663         -1.954927258779     h 
         35.438049808490         -5.204148100960         -0.268535008666     h 
         37.439843113629         -3.104279908400          1.388358901514     h 
         30.396991908534          4.791240445782          0.832069095902     h 
$end
