$coord
          4.214596546223          0.998690310625         -0.094862200797     o 
          3.114413518070         -1.424974776796          0.007046094394     c 
          2.949178014447         -2.098168553606         -1.943125511606     h 
          4.459620384954         -2.707645973375          0.931516955372     h 
          0.557693403110         -1.475380404625          1.324097696848     c 
          0.752813162385         -0.741845794378          3.242894550561     h 
         -0.111547963662         -3.420948581058          1.512376712680     h 
         -1.514229001794          0.042606103158          0.000631904969     n 
         -0.851864290894          2.816261782220         -0.099712495787     c 
         -0.523775078954          3.543775642301          1.794028765047     h 
         -2.379650406562          3.888438280719         -0.960387716438     h 
          0.849434998932          3.097289543070         -1.215865658993     h 
         -3.937077475116         -0.265035631349          1.495704618717     c 
         -3.685564853705          0.419993658910          3.417240507003     h 
         -4.486250389926         -2.244262342163          1.572522050431     h 
         -5.460989888868          0.799767538226          0.619027197710     h 
         -1.945120789007         -0.923304781588         -2.654537546871     c 
         -2.312588630535         -2.945339558943         -2.631213451062     h 
         -0.302690825065         -0.561758226131         -3.833782559099     h 
         -3.560089502485          0.024047487666         -3.502555369658     h 
          4.441557628244          1.664836732690          1.629189193698     h 
$end
