           1           2   1.4575566816881971     
           1           3   1.2496331527513291     
           2           3  0.13228314729406254     
           3           4  0.92992931305864601     
           3           5  0.94104291182370392     
           1           6   1.2495302466960720     
           2           6  0.13221893439916146     
           6           7  0.94128269170605561     
           6           8  0.92738640578752995     
           9          10   1.0137935473873589     
          10          11  0.96428481928766008     
          10          12  0.96193504963800369     
          10          13   1.0010676061157342     
          13          14  0.96593846964759722     
          13          15  0.96791093070061529     
          13          16  0.93399757324242438     
          16          17  0.95265964037613393     
          17          18  0.97568667669598930     
          17          19  0.97524028425654530     
          17          20  0.96096980847293767     
          16          21  0.95686854925323006     
          21          22  0.97501357710481296     
          21          23  0.97483114569709750     
          21          24  0.97298757306283234     
          16          25  0.95736215346436704     
          25          26  0.97584500162627130     
          25          27  0.97164749573383236     
          25          28  0.97377348950265130     
           9          29  0.80314067316234639     
          30          31   1.0141001459871806     
          31          32  0.96393448089228784     
          31          33  0.96233139213402308     
          31          34   1.0008730908678332     
          34          35  0.96580387368162524     
          34          36  0.96803152588880570     
          34          37  0.93379233496039615     
          37          38  0.95278229572112882     
          38          39  0.97562050006136480     
          38          40  0.97532100548421929     
          38          41  0.96115165027429672     
          37          42  0.95692985468804825     
          42          43  0.97502457837447287     
          42          44  0.97486811044659627     
          42          45  0.97302221078589091     
          37          46  0.95731954719662227     
          46          47  0.97583284519673286     
          46          48  0.97167213388803186     
          46          49  0.97376567324993413     
          30          50  0.80361782033833051     
