           1           2   1.0053471414861312     
           2           3  0.96465542341656541     
           2           4  0.96277189405022878     
           2           5   1.0044219460881854     
           5           6  0.96563338277808630     
           5           7  0.96807885361734769     
           5           8  0.93299418851051552     
           8           9  0.95518107731265744     
           9          10  0.97442030922628664     
           9          11  0.97639231658374614     
           9          12  0.97014363631768241     
           8          13  0.95339861335559550     
          13          14  0.95991896181117564     
          13          15  0.97539681583452986     
          13          16  0.97519019047878674     
           8          17  0.95740670513415516     
          17          18  0.97369152334960196     
          17          19  0.97563757738434420     
          17          20  0.97565843381837691     
           1          21  0.88427604390074888     
